           1  0.570623219    
           2  -2.71709543E-03
           3  -1.71924329    
           4  -1.12123096    
           5  0.587968469    
           6  -1.95480454    
           7 -0.439121723    
           8   1.89047265    
           9 -0.212404817    
          10 -0.454510629    
          11  0.409238517    
          12 -0.856857240    
          13 -0.134825587    
          14  0.307933837    
          15   1.26633728    
          16 -0.187679157    
          17  0.917555034    
          18   1.04241300    
          19  -1.50484216    
          20  0.773008704    
          21   1.94062901    
          22 -0.436826885    
          23 -0.395216286    
          24   1.23606682    
          25 -0.381278306    
          26  -2.45293427    
          27  -1.12389064    
          28  -1.70200992    
          29  0.416347414    
          30  0.484816700    
          31 -0.660331905    
          32   8.27592835E-02
          33  0.151477203    
          34 -0.609374166    
          35   6.94700927E-02
          36   1.21884739    
          37   2.28286529    
          38  0.388397008    
          39  -8.15125629E-02
          40   1.61951053    
          41   1.91279256    
          42 -0.419534028    
          43 -0.616559088    
          44  0.337697595    
          45  -1.29730511    
          46 -0.659762084    
          47 -0.161438480    
          48  -1.27753413    
          49 -0.665144801    
          50 -0.949395120    
          51  0.582992375    
          52 -0.277500391    
          53  -1.82590270    
          54 -0.100312598    
          55   2.91939303E-02
          56  -1.37156081    
          57  0.451342285    
          58  0.363000989    
          59  0.467154592    
          60 -0.434645444    
          61  -1.43536627    
          62  -2.26260829    
          63  -1.48662233    
          64  -1.02303243    
          65   3.05600092E-02
          66  -1.23651183    
          67 -0.601431787    
          68 -0.171791226    
          69  0.842821538    
          70  -1.15392101    
          71   7.52614886E-02
          72   8.64178389E-02
          73  0.104078211    
          74  -2.24628806    
          75 -0.277785420    
          76 -0.127446607    
          77  -1.07854354    
          78  0.373468876    
          79   1.45945215    
          80 -0.431598246    
          81   1.75249970    
          82 -0.417681962    
          83 -0.425667614    
          84  0.412969977    
          85 -0.794381499    
          86 -0.288153678    
          87 -0.915767133    
          88  0.637554944    
          89   1.65451622    
          90  0.603547156    
          91 -0.752114236    
          92 -0.713813424    
          93  -2.85829878    
          94 -0.564976811    
          95  -1.10464346    
          96 -0.553428829    
          97   2.18319964    
          98   5.40704792E-03
          99   1.75865841    
         100  -1.95806587    
         101  -1.41642857    
         102  0.476830870    
         103  -1.62445176    
         104   1.89999521    
         105   1.93835068    
         106   1.39096904    
         107   2.01349235    
         108  -4.45167767E-03
         109 -0.401029438    
         110  0.152282119    
         111 -0.581498384    
         112  0.961177468    
         113 -0.310705304    
         114  -1.16485846    
         115   1.79089093    
         116   7.69572109E-02
         117 -0.846125484    
         118 -0.890145779    
         119   8.24250951E-02
         120   1.37275040    
         121  -1.51924908    
         122  -1.15206134    
         123  -1.24983692    
         124   1.21563375    
         125   1.22771990    
         126 -0.128131539    
         127  0.824350655    
         128  -2.57761097    
         129  0.480326802    
         130  -1.93698144    
         131  -1.40098310    
         132  0.239548922    
         133 -0.124858312    
         134   1.41646504    
         135  -6.06372394E-02
         136   1.44177663    
         137  -2.49832916    
         138 -0.346573710    
         139  -2.44621396    
         140  -1.11350560    
         141  -1.00591958    
         142 -0.959451437    
         143 -0.694789410    
         144   1.04457223    
         145  0.627011180    
         146   3.06361751E-03
         147  0.546521127    
         148  0.538606465    
         149  0.330092341    
         150 -0.434969038    
         151   2.23289013    
         152  -1.29634416    
         153  0.749822021    
         154 -0.674124539    
         155 -0.438600391    
         156   1.38875008    
         157 -0.577211559    
         158 -0.867692351    
         159 -0.622496605    
         160  0.360312849    
         161  0.287747562    
         162  0.120307401    
         163  0.980364501    
         164  0.501487017    
         165   1.10947299    
         166 -0.728507042    
         167   1.76223481    
         168 -0.694438457    
         169  0.366132140    
         170 -0.272879690    
         171  0.491256088    
         172  -2.25954032    
         173  -9.30321813E-02
         174   2.54164982    
         175   1.07350278    
         176 -0.796674311    
         177   7.78281887E-04
         178 -0.479699343    
         179  0.733710885    
         180 -0.923647046    
         181   1.21319699    
         182 -0.615549266    
         183 -0.609820306    
         184   1.06234908    
         185 -0.190734640    
         186  0.855463684    
         187   2.24271512    
         188 -0.797834039    
         189  0.137226835    
         190  0.315400422    
         191 -0.348986059    
         192  -4.36895341E-02
         193  0.249760821    
         194   1.65892732    
         195  0.657677770    
         196  0.571743727    
         197  -8.34158882E-02
         198 -0.465463519    
         199  0.467842042    
         200  0.839387596    
         201  0.600925863    
         202 -0.743014574    
         203  0.768026292    
         204   1.31893194    
         205  -1.82054365    
         206   2.61248806E-05
         207  0.214725912    
         208  0.243849859    
         209  0.713092268    
         210 -0.189916179    
         211  -1.03794408    
         212 -0.726825118    
         213 -0.439268827    
         214   8.78692195E-02
         215 -0.454864860    
         216  0.350689709    
         217  0.718857169    
         218  -1.26807749    
         219  -1.18968439    
         220  0.882503390    
         221  0.522094071    
         222 -0.380853385    
         223  -6.21788949E-02
         224 -0.915296674    
         225  0.365799606    
         226  0.190066367    
         227  -1.63372612    
         228  0.692519724    
         229  -1.25735378    
         230  0.127976477    
         231  -1.86415505    
         232  0.543369174    
         233   1.21832788    
         234  -1.44909811    
         235 -0.726612091    
         236  0.856347799    
         237  0.927669823    
         238  -1.99676812    
         239  0.804646790    
         240  0.306297690    
         241  -1.65662181    
         242  -7.84543231E-02
         243  0.260919780    
         244 -0.833170116    
         245  0.103206612    
         246  -1.06195772    
         247  -1.64242351    
         248 -0.601815641    
         249   1.21235967    
         250 -0.543200016    
         251 -0.563756347    
         252  0.254792899    
         253  0.649990201    
         254   1.45676196    
         255 -0.679497361    
         256  -1.28950667    
         257 -0.149020687    
         258   1.10036945    
         259  0.814865053    
         260   1.56281793    
         261  -1.81730092E-02
         262  -3.59110497E-02
         263  0.290371031    
         264   1.32218516    
         265   9.70578194E-02
         266 -0.293506444    
         267  0.418690532    
         268  -1.08792156E-03
         269  -1.91887002E-02
         270  -1.06748128E-02
         271  -1.02948165    
         272 -0.719196379    
         273 -0.426149458    
         274  -1.17312467    
         275   2.88599491    
         276   1.53628230    
         277  -1.38573885    
         278 -0.864402831    
         279  -1.54341853    
         280 -0.433091521    
         281   1.13229358    
         282   1.58736455    
         283 -0.459171683    
         284   1.32629931    
         285 -0.230852947    
         286  0.596769810    
         287  -1.94520485    
         288 -0.296559453    
         289 -0.756464124    
         290  0.726330638    
         291 -0.267846137    
         292 -0.404672682    
         293   1.21199906    
         294   1.30628300    
         295   1.61107719    
         296  -2.32042885    
         297  -5.55271581E-02
         298  -1.77401507    
         299 -0.132590383    
         300   2.43117857    
         301   7.39667043E-02
         302 -0.475467563    
         303   2.09757638    
         304 -0.112321950    
         305  0.532564163    
         306 -0.957539916    
         307  0.735700071    
         308   1.16735494    
         309  0.393622935    
         310   1.15503585    
         311  0.201742396    
         312  0.979857326    
         313  -1.49491584    
         314  0.867847323    
         315   3.98432985E-02
         316  0.267301679    
         317   1.72657311    
         318  0.761129260    
         319   1.15803814    
         320   1.49272239    
         321  0.948395967    
         322 -0.122144818    
         323 -0.132002175    
         324 -0.873218179    
         325  -1.30523312    
         326  -1.29150271    
         327  -1.48561108    
         328  -1.78900051    
         329  -8.62488896E-02
         330  0.964808166    
         331 -0.171452790    
         332  0.844414234    
         333 -0.452020854    
         334 -0.994795442    
         335  0.612315714    
         336  -1.48140621    
         337  -1.54970229    
         338   1.31586468    
         339  -1.12002361    
         340 -0.864822924    
         341 -0.173114166    
         342   1.17803442    
         343 -0.782014906    
         344 -0.919899046    
         345  0.908161581    
         346  -1.41430759    
         347  0.456946939    
         348  -1.02309597    
         349   3.22828591E-02
         350  0.649390817    
         351 -0.191076681    
         352 -0.417491615    
         353 -0.749773026    
         354   4.63294499E-02
         355 -0.320075929    
         356  0.200866073    
         357  0.472843826    
         358   1.83887863    
         359 -0.852742493    
         360 -0.543463647    
         361  0.510013580    
         362   1.22530496    
         363  0.575937450    
         364  -1.85974550    
         365  0.443657339    
         366   1.07771945    
         367   2.04888844    
         368  -1.06092691    
         369 -0.617971838    
         370  -1.08214796    
         371  0.104415961    
         372 -0.840133071    
         373  -4.14652675E-02
         374   1.11524212    
         375  0.308069944    
         376 -0.175495103    
         377  0.188801885    
         378 -0.791568220    
         379   1.30215383    
         380  0.374938101    
         381  0.259247869    
         382 -0.776475787    
         383 -0.705742240    
         384 -0.543774605    
         385 -0.740658641    
         386  0.317746580    
         387  -1.03380978    
         388 -0.209943369    
         389 -0.955734313    
         390 -0.393596917    
         391  -5.16565591E-02
         392  0.138735920    
         393 -0.228398189    
         394 -0.732857645    
         395  -4.67276573E-02
         396  -1.84388494    
         397  -1.71994281    
         398 -0.207513422    
         399  -1.15939033    
         400  0.571865499    
         401   1.42226136    
         402 -0.993889630    
         403  0.935362220    
         404 -0.672099888    
         405  0.382998675    
         406  0.727256596    
         407 -0.491294801    
         408   2.12609887    
         409  0.428032368    
         410   1.55903816    
         411  -1.42601705    
         412   1.30874395    
         413 -0.700375617    
         414  0.630324244    
         415  -1.06838357    
         416  0.750311613    
         417   9.67054218E-02
         418  -2.45185566    
         419  0.964820266    
         420 -0.943897963    
         421  0.532911718    
         422  -1.59781992    
         423 -0.189362407    
         424 -0.751222134    
         425   1.04261029    
         426   1.17645061    
         427  0.299146831    
         428  0.734923542    
         429   1.86804235    
         430 -0.459862053    
         431  0.584963083    
         432  -1.30521500    
         433  -2.23199439    
         434 -0.377829581    
         435 -0.686742008    
         436  -1.59416640    
         437   1.01860392    
         438  -1.08211946    
         439 -0.752028644    
         440 -0.140679836    
         441 -0.439672351    
         442 -0.727542758    
         443  0.737421632    
         444  -1.16296804    
         445 -0.471795768    
         446  0.512634456    
         447 -0.542668343    
         448  -1.90240967    
         449  0.395738244    
         450   2.00956917    
         451   1.42334652    
         452  0.272987187    
         453  -2.74543837E-02
         454   1.26639616    
         455   1.06629848    
         456   1.55268240    
         457   1.98778307    
         458  0.784915864    
         459  0.808879733    
         460 -0.444359511    
         461  0.317256242    
         462 -0.599015534    
         463 -0.100853898    
         464   1.16084027    
         465  0.487823218    
         466 -0.734667361    
         467 -0.580701590    
         468 -0.131032377    
         469 -0.747152388    
         470  0.696190953    
         471   1.49930298    
         472   1.34162343    
         473  -1.01641202    
         474  0.122851156    
         475  0.236911491    
         476 -0.186942488    
         477  -1.35849392    
         478 -0.121170759    
         479  0.783267021    
         480  0.252739370    
         481  0.203512102    
         482   1.23202336    
         483  -1.15593517    
         484  -9.47361887E-02
         485 -0.100348108    
         486 -0.423068583    
         487  -1.03392673    
         488  0.881167173    
         489 -0.321252584    
         490   1.57811178E-03
         491  -1.18387389    
         492 -0.646676838    
         493  -1.87694502    
         494 -0.343237996    
         495 -0.160164714    
         496 -0.168152422    
         497 -0.871600568    
         498  0.395047724    
         499  -5.50008528E-02
         500  -2.22261763    
         501  0.759976327    
         502  0.684224725    
         503  0.487922400    
         504 -0.600760758    
         505  0.147113249    
         506  -1.29175544    
         507  -1.29029870    
         508  -4.63120192E-02
         509 -0.323812842    
         510 -0.152314395    
         511  0.225656688    
         512 -0.560286283    
         513   1.99355280    
         514 -0.613205373    
         515  -1.30654156    
         516 -0.223653525    
         517  -3.66553031E-02
         518  -2.05272809E-03
         519 -0.638549685    
         520  -1.00160623    
         521   2.95350456    
         522 -0.585252345    
         523 -0.127874568    
         524 -0.113394976    
         525  0.839870274    
         526  0.567985475    
         527 -0.647317052    
         528 -0.145572260    
         529 -0.316272438    
         530 -0.205841929    
         531  0.379247159    
         532  0.106135443    
         533  0.351377070    
         534   1.12167609    
         535  -2.13084507    
         536 -0.822510123    
         537  -5.90126291E-02
         538  0.703402519    
         539   1.87855387    
         540  -1.20172346    
         541 -0.694752336    
         542  0.396504939    
         543   1.53536219E-02
         544  0.173028901    
         545 -0.516434848    
         546  -1.55684471    
         547   1.52357972    
         548  -1.46992350    
         549   1.41430831    
         550 -0.854612529    
         551  0.570985734    
         552 -0.840955079    
         553 -0.756036639    
         554 -0.341199100    
         555   8.99442136E-02
         556 -0.985322058    
         557   1.76265645    
         558  0.251276940    
         559   6.48281351E-02
         560  0.815270603    
         561  0.455871224    
         562 -0.155131295    
         563  0.292967916    
         564  -1.92656863    
         565   1.18082881    
         566  0.937805653    
         567  0.274312854    
         568 -0.119389415    
         569 -0.120879017    
         570 -0.559435487    
         571 -0.294820964    
         572  -1.24341583    
         573 -0.975950301    
         574   1.31931829    
         575 -0.967737615    
         576  0.256392956    
         577  0.159708172    
         578 -0.445963025    
         579  0.922917306    
         580  0.165353999    
         581 -0.459256023    
         582  0.416886806    
         583  -2.68169884E-02
         584   9.98036489E-02
         585 -0.293124020    
         586   1.30016994    
         587  -5.13919108E-02
         588  -2.33689666    
         589 -0.222256839    
         590   6.13389239E-02
         591 -0.831582308    
         592  -1.37103808    
         593  0.736327112    
         594 -0.566717803    
         595   1.20272624    
         596 -0.661186516    
         597   1.47509384    
         598  -1.14798844    
         599  0.877674282    
         600  0.545828342    
         601  -1.38859975    
         602 -0.129071206    
         603  -3.31277288E-02
         604  0.690226495    
         605  0.315635949    
         606   1.41339803    
         607   1.33009446    
         608   5.85628003E-02
         609 -0.181519702    
         610   1.31141376    
         611   1.41150975    
         612  0.513442338    
         613   3.88576798E-02
         614  0.873454452    
         615  0.611858428    
         616  -1.05325365    
         617 -0.136664346    
         618   3.41295712E-02
         619 -0.942427397    
         620  -1.21738371E-02
         621  0.601284444    
         622 -0.737344205    
         623   1.04537475    
         624 -0.295766383    
         625  0.419105619    
         626 -0.829797268    
         627 -0.889760911    
         628 -0.922121584    
         629  0.790715277    
         630 -0.159005746    
         631  0.779511750    
         632   6.73263967E-02
         633 -0.158383995    
         634 -0.863003194    
         635  0.885403216    
         636 -0.859919310    
         637  0.696985722    
         638   1.46611464    
         639   1.67095888    
         640 -0.234849378    
         641  0.865540802    
         642   1.61204326    
         643 -0.309270680    
         644  -2.00202608    
         645  -2.11962008    
         646 -0.321446955    
         647  0.433246821    
         648  0.584129572    
         649   1.60814559    
         650  0.163461655    
         651   4.10788581E-02
         652  -6.55087223E-03
         653  -1.93098187    
         654 -0.515183687    
         655  -1.29300213    
         656   1.55805039    
         657 -0.132794723    
         658  -1.91740775    
         659  0.859975934    
         660 -0.967677057    
         661 -0.969749272    
         662 -0.644345820    
         663 -0.723005295    
         664 -0.304648459    
         665  0.212982029    
         666  -1.67510462    
         667  0.544086754    
         668  0.160238340    
         669 -0.324371487    
         670   3.18543985E-02
         671 -0.949908435    
         672 -0.924548924    
         673   1.25216293    
         674  0.113597609    
         675  0.872611046    
         676   8.37341100E-02
         677  0.709491134    
         678  0.852818668    
         679  0.599928141    
         680  -1.52222681    
         681 -0.665197372    
         682 -0.430077285    
         683  -1.99190211    
         684  0.429603964    
         685  0.965525389    
         686  -1.49136090    
         687  0.136689991    
         688  -1.58877015    
         689  0.754356921    
         690   1.57017219    
         691  0.171908036    
         692  -1.80934016E-02
         693  -3.34943645E-02
         694 -0.975033939    
         695  -1.96833324    
         696 -0.344833165    
         697 -0.532886505    
         698  0.818836212    
         699  0.443293273    
         700  0.722444177    
         701 -0.335367978    
         702 -0.414341182    
         703 -0.230067730    
         704  0.605067372    
         705  -1.44585752    
         706 -0.526179075    
         707   1.07657170    
         708  -1.25099444    
         709   1.08914959    
         710   1.03178513    
         711 -0.149278402    
         712  -1.51459920    
         713 -0.110469960    
         714 -0.996165395    
         715  -1.54467773    
         716  -1.19462895    
         717  -1.28974473    
         718   1.73358691    
         719 -0.588024557    
         720  0.898428679    
         721 -0.319056392    
         722  0.565109909    
         723  0.457444340    
         724   2.63543892    
         725  -1.48092496    
         726   1.07245398    
         727  -2.09765315    
         728 -0.882773757    
         729  -2.50986796E-02
         730   1.05327404    
         731  -1.49997485    
         732 -0.460610598    
         733   1.16888988    
         734  0.409464240    
         735  0.317937523    
         736  -1.98817778    
         737  -1.51619542    
         738 -0.953122139    
         739 -0.831677139    
         740  0.184413031    
         741  0.629134178    
         742  0.159530967    
         743   1.39860153    
         744  0.265329272    
         745  0.256740242    
         746 -0.327264398    
         747  -2.25259972    
         748  0.175844386    
         749   1.15683973    
         750   1.39920413    
         751 -0.634691060    
         752  0.857435822    
         753   1.52246332    
         754   6.27716556E-02
         755   1.08663499    
         756 -0.956919312    
         757   1.37414122    
         758 -0.386967421    
         759  -1.90365469    
         760  0.192076594    
         761  0.520526946    
         762  -1.32647347    
         763   1.06116509    
         764 -0.560308158    
         765 -0.452113956    
         766  -9.31123272E-03
         767   1.02818978    
         768  0.913398743    
         769  0.704245627    
         770  0.261293590    
         771  0.265247226    
         772  0.133199647    
         773  0.123820454    
         774   1.87477660    
         775   1.29696488    
         776 -0.354489505    
         777 -0.632617891    
         778 -0.749501169    
         779 -0.340159148    
         780  -1.18555987    
         781   1.49519205    
         782   1.59511089    
         783 -0.210033119    
         784  0.210405335    
         785 -0.600470185    
         786 -0.105227642    
         787   9.77506563E-02
         788   1.53506339    
         789  0.914356828    
         790  -1.71796179    
         791   1.33435071    
         792  0.107968584    
         793   1.69590569    
         794   1.36277950    
         795   1.11711049    
         796  0.534437418    
         797  -1.70753193    
         798 -0.382556349    
         799  0.903127491    
         800   1.00547457    
         801   1.07601118    
         802   3.61586106E-03
         803  0.615441322    
         804  -1.14616811    
         805   1.63581836    
         806 -0.523934782    
         807 -0.143934146    
         808  -1.02420366    
         809  -1.05698073    
         810  -2.72263408    
         811   6.78547919E-02
         812  0.349035084    
         813  -1.64617288    
         814  -1.86396730    
         815   1.03181589    
         816  0.210399359    
         817 -0.608165443    
         818  0.676062226    
         819   2.88287020    
         820  -1.44904184    
         821  0.469786823    
         822 -0.120884694    
         823 -0.724073172    
         824 -0.621526718    
         825 -0.831509113    
         826  -1.01199448    
         827 -0.127254426    
         828  -1.12288189    
         829 -0.224465936    
         830   1.16607106    
         831  0.477638483    
         832  -1.73441708    
         833  0.670858383    
         834 -0.234385490    
         835 -0.123015516    
         836 -0.319461614    
         837 -0.160733476    
         838 -0.217562377    
         839 -0.458924532    
         840   7.21249431E-02
         841  0.150275066    
         842  0.311056048    
         843  0.517360687    
         844  0.541089296    
         845   3.69155072E-02
         846  0.788580835    
         847 -0.163535506    
         848 -0.275654525    
         849 -0.828125477    
         850  0.783633709    
         851  0.313505143    
         852  -1.74312663    
         853   8.02393109E-02
         854 -0.486970961    
         855  -2.73371840    
         856 -0.354775846    
         857 -0.883043647    
         858  0.258980125    
         859  -1.29196310    
         860  -1.23492038    
         861  0.152788505    
         862  -1.68650830    
         863  0.462246627    
         864  -1.14542341    
         865 -0.189443812    
         866  0.898260832    
         867 -0.264874756    
         868  0.771384895    
         869  0.525662482    
         870   1.57758951    
         871   2.45491266    
         872  0.417825192    
         873   1.48979914    
         874 -0.782007813    
         875  0.640310168    
         876  0.982873738    
         877  0.971355677    
         878  0.253110617    
         879  -1.76005864    
         880  -1.22641850    
         881   2.07563543    
         882 -0.191736892    
         883  0.257570803    
         884 -0.405309141    
         885 -0.713788807    
         886 -0.263005435    
         887 -0.785421908    
         888  0.595455050    
         889   2.14248276    
         890  -1.80021048    
         891  0.503372371    
         892  0.419947386    
         893   1.91123656E-03
         894  0.266164511    
         895  -1.01457012    
         896  -1.87999678    
         897 -0.205761865    
         898  0.234736249    
         899  0.536232054    
         900 -0.516673446    
         901 -0.120294355    
         902 -0.283278972    
         903 -0.562007368    
         904  0.815105140    
         905   1.44447553    
         906  -1.21166968    
         907   2.36704612    
         908  0.305624396    
         909  -1.06424618    
         910 -0.424447417    
         911   1.49129677    
         912  -1.03681660    
         913  0.222067028    
         914 -0.872983634    
         915  -1.80330086    
         916   1.12722194    
         917  0.574666142    
         918 -0.183056191    
         919   1.68008339    
         920   5.57695478E-02
         921  -4.47275192E-02
         922   1.55105186    
         923 -0.981080592    
         924  -2.19793582    
         925   1.19750297    
         926   1.48475347E-02
         927  -1.21505249    
         928  0.907364666    
         929  0.142467484    
         930  -2.20133185    
         931  0.598263860    
         932  -1.13244963    
         933   1.87286770    
         934 -0.410376072    
         935  0.743474245    
         936  0.724599063    
         937   1.34104776    
         938  -1.35448110    
         939 -0.785908878    
         940 -0.551094890    
         941  0.958203673    
         942   1.13200831    
         943  -1.34225166    
         944  0.841205716    
         945 -0.521445632    
         946  -1.86281240    
         947   2.69050860    
         948 -0.575627506    
         949  -1.38156807    
         950 -0.187507361    
         951  -1.48673201    
         952 -0.610050261    
         953  -1.57114518    
         954   1.84635401    
         955   1.09230220    
         956  0.359131813    
         957 -0.493577808    
         958 -0.342542171    
         959  0.989499390    
         960 -0.705133021    
         961  -1.19935322    
         962  -8.46502408E-02
         963  0.299397796    
         964  -1.15263462    
         965  -1.25771439    
         966  -1.20931852    
         967   1.02594233    
         968  0.714517951    
         969  -1.41431153    
         970 -0.862597167    
         971 -0.742947340    
         972 -0.630572021    
         973  0.439748406    
         974 -0.911283731    
         975  0.437856317    
         976  -2.86288309    
         977 -0.919449210    
         978 -0.329928845    
         979   1.03620470    
         980  0.214698896    
         981 -0.638034523    
         982  -1.31131196    
         983 -0.206914335    
         984   1.00645316    
         985  -1.11269951    
         986  0.283107162    
         987  0.476677388    
         988  -8.16436931E-02
         989  -1.43803811    
         990  0.236790702    
         991  0.182997778    
         992   1.51259220    
         993   1.05723524    
         994 -0.246794343    
         995  -1.17236197    
         996  -1.69028878    
         997  0.195361316    
         998  -1.16570914    
         999 -0.486243904    
        1000  -3.52615444E-03
        1001 -0.852680624    
        1002  -1.91437817    
        1003  0.412833869    
        1004  0.444755137    
        1005  -1.30258918    
        1006   9.54042301E-02
        1007  -1.50228703    
        1008   1.43662059    
        1009  0.482294708    
        1010 -0.555065989    
        1011 -0.306602001    
        1012   1.85669434    
        1013  0.164598301    
        1014  0.364063025    
        1015  -1.17296815    
        1016   1.67895341    
        1017  0.311490059    
        1018  0.991190672    
        1019  -1.99489105    
        1020  -2.69500501E-02
        1021 -0.262216002    
        1022   1.98614633    
        1023 -0.518625855    
        1024  -1.79282403    
        1025  0.256608605    
        1026  0.909031153    
        1027   1.05955184    
        1028  -2.31381506E-02
        1029 -0.853307307    
        1030 -0.544067323    
        1031 -0.414226025    
        1032 -0.318106204    
        1033  -1.68519902    
        1034  -1.98561072    
        1035  -1.93581498    
        1036  0.474729955    
        1037   1.95725310    
        1038  0.425688505    
        1039  0.475685477    
        1040   1.44167221    
        1041  0.664641023    
        1042  0.707437217    
        1043  0.522617459    
        1044 -0.623520136    
        1045  0.515011609    
        1046  0.175641790    
        1047   1.06947911    
        1048  0.104522362    
        1049  -1.13787532    
        1050   2.83109918E-02
        1051  0.372188538    
        1052   1.11793256    
        1053 -0.402462214    
        1054 -0.375747591    
        1055  0.373022735    
        1056 -0.625275254    
        1057 -0.197709203    
        1058  0.139399171    
        1059  0.227312103    
        1060 -0.206114411    
        1061  0.532635689    
        1062  0.433914453    
        1063   1.26245248    
        1064 -0.411523879    
        1065   1.06022012    
        1066 -0.544889092    
        1067   1.45275474    
        1068  0.483522475    
        1069   1.40260887    
        1070   1.00714767    
        1071 -0.275580078    
        1072  0.407923222    
        1073   3.01127043E-02
        1074  0.841324329    
        1075  0.349796146    
        1076   1.39210963    
        1077  0.454391718    
        1078 -0.125106171    
        1079 -0.688118100    
        1080 -0.284213632    
        1081  0.995374084    
        1082 -0.352632523    
        1083   1.23123789    
        1084 -0.456064671    
        1085   1.25877213    
        1086  -1.19843531    
        1087 -0.891845286    
        1088  -1.38163352    
        1089  -9.22543854E-02
        1090 -0.538196921    
        1091   1.29011440    
        1092  -1.44226527    
        1093  0.807692826    
        1094 -0.766429603    
        1095   1.25184679    
        1096  0.402792752    
        1097 -0.448639005    
        1098 -0.854951322    
        1099 -0.420772135    
        1100  0.451666415    
        1101 -0.416485161    
        1102   1.28982496    
        1103 -0.348265737    
        1104   1.33320189    
        1105  0.240322933    
        1106   7.89082721E-02
        1107 -0.777330220    
        1108   1.02640438    
        1109  -7.98619539E-02
        1110   1.24955618    
        1111   1.13940668    
        1112  0.545200348    
        1113  -3.20202947    
        1114   1.07830024    
        1115 -0.803302169    
        1116  -2.24631119    
        1117  0.614928842    
        1118  -1.37575829    
        1119  -1.29709458    
        1120   7.19705224E-02
        1121  0.238201946    
        1122  0.647309124    
        1123   1.34965014    
        1124  -1.36298776    
        1125 -0.393137544    
        1126  -1.58208752    
        1127  0.100201309    
        1128  0.231757596    
        1129  0.134515762    
        1130 -0.455312461    
        1131   1.20615244    
        1132 -0.219917834    
        1133  0.261771798    
        1134  0.305538803    
        1135  0.383368134    
        1136  0.499249995    
        1137 -0.860003233    
        1138  0.839674830    
        1139  0.944309235    
        1140   1.74430871    
        1141   1.55009592    
        1142   6.99447375E-03
        1143  -1.18547845    
        1144 -0.577655971    
        1145  0.172439039    
        1146  0.173094332    
        1147  0.527226150    
        1148 -0.252384633    
        1149  0.308006138    
        1150   1.63125005E-02
        1151   1.08969676    
        1152   2.17067409    
        1153 -0.753941655    
        1154  0.397549093    
        1155   1.45124102    
        1156  0.605419159    
        1157 -0.957172036    
        1158  -8.85801762E-02
        1159   2.03101659    
        1160 -0.540175378    
        1161 -0.813100576    
        1162  0.787747324    
        1163 -0.617166221    
        1164   1.75836515E-02
        1165  -3.56248356E-02
        1166 -0.159069583    
        1167  -1.65770221    
        1168   1.17487264    
        1169  0.202539593    
        1170 -0.810395062    
        1171 -0.372707039    
        1172  0.340995938    
        1173   1.56977081    
        1174 -0.385241956    
        1175 -0.273699015    
        1176  -1.40329003    
        1177  -2.15017581    
        1178   1.16545808    
        1179 -0.648898959    
        1180   1.14237976    
        1181 -0.400444865    
        1182  -1.60906184    
        1183 -0.215476930    
        1184 -0.889091551    
        1185   2.00329876    
        1186  -1.31315637    
        1187 -0.689938307    
        1188  0.162535906    
        1189  -1.40672231    
        1190  0.764927566    
        1191   1.31984961    
        1192  0.467843354    
        1193   2.09817743    
        1194 -0.294691265    
        1195  0.787056923    
        1196  0.280716479    
        1197  0.359754145    
        1198  0.209867850    
        1199   1.27894115    
        1200   1.04911327    
        1201  0.182244942    
        1202 -0.162232623    
        1203 -0.555503130    
        1204 -0.385595441    
        1205 -0.704353273    
        1206  0.588210344    
        1207   1.17111421    
        1208 -0.445482761    
        1209 -0.455291271    
        1210  0.169910997    
        1211   1.56075526E-02
        1212   2.07421732    
        1213  0.834141970    
        1214  0.360081553    
        1215   1.06510282    
        1216   1.19227386    
        1217  0.739646912    
        1218 -0.521859109    
        1219   9.07218158E-02
        1220  -1.16998410    
        1221 -0.459840208    
        1222 -0.181373715    
        1223   1.62798393    
        1224   1.20546341    
        1225  0.587266743    
        1226 -0.431722879    
        1227 -0.317569703    
        1228  -7.97431841E-02
        1229  0.192790687    
        1230  0.453743994    
        1231 -0.306221455    
        1232 -0.908681452    
        1233  -8.85916650E-02
        1234  -1.29498625E-02
        1235  -1.01949978    
        1236 -0.356933415    
        1237   1.52555001    
        1238  0.602864265    
        1239 -0.727971256    
        1240  0.644373953    
        1241  0.640417576    
        1242  -1.37170208    
        1243  0.309147596    
        1244  0.600364566    
        1245  -5.94260134E-02
        1246  0.308424324    
        1247 -0.794824064    
        1248  -1.21612763    
        1249 -0.454940826    
        1250 -0.571563184    
        1251  -9.35181007E-02
        1252 -0.984022260    
        1253  -3.85416299E-02
        1254 -0.339428157    
        1255  0.372307211    
        1256 -0.210649669    
        1257 -0.367713004    
        1258   1.53206515    
        1259 -0.449256212    
        1260  0.734839559    
        1261  0.563561320    
        1262   1.12696266    
        1263 -0.441895097    
        1264  -1.74246109    
        1265   2.69864416    
        1266   2.09012651    
        1267  -1.43007898    
        1268   1.19562006    
        1269 -0.549523115    
        1270  -1.29399037    
        1271  0.265457481    
        1272  0.324151129    
        1273  -2.00960875    
        1274  0.888407946    
        1275 -0.970830917    
        1276  0.379709274    
        1277 -0.307818711    
        1278 -0.852438927    
        1279   1.61592662    
        1280  0.216638222    
        1281  -1.35026658    
        1282  0.153366059    
        1283  -1.74797797    
        1284 -0.583287358    
        1285   1.02906883    
        1286 -0.547342896    
        1287   1.99534297    
        1288  0.617961645    
        1289  0.707661211    
        1290  0.654646993    
        1291 -0.162393019    
        1292  -2.30977405E-02
        1293   1.42584713E-02
        1294 -0.833208382    
        1295 -0.538831055    
        1296 -0.888570666    
        1297   1.08181036    
        1298  0.641636014    
        1299   1.23690999    
        1300  -1.81235421    
        1301 -0.922516227    
        1302 -0.646734059    
        1303  0.193259269    
        1304  -1.19068241    
        1305 -0.637581527    
        1306 -0.753100276    
        1307 -0.922196388    
        1308  0.113037005    
        1309 -0.649060309    
        1310 -0.364603013    
        1311 -0.472459853    
        1312 -0.256255686    
        1313 -0.181647748    
        1314  0.123551607    
        1315 -0.746277988    
        1316  0.166144252    
        1317   1.19444036    
        1318 -0.858286142    
        1319   1.05144775    
        1320 -0.446760833    
        1321  -1.33689582    
        1322  -2.06876612    
        1323  0.468909562    
        1324  -1.35597074    
        1325   1.04241955    
        1326  0.219949096    
        1327  -1.28664720    
        1328   1.31105816    
        1329   1.12353241    
        1330  0.619832218    
        1331  0.893546045    
        1332  0.553432405    
        1333  -1.78733552    
        1334 -0.841647863    
        1335 -0.587839603    
        1336   1.27854693    
        1337  -1.98800814    
        1338   2.00447775E-02
        1339   2.17498803    
        1340 -0.809826791    
        1341 -0.164481133    
        1342 -0.795454502    
        1343  0.216528237    
        1344  0.974569023    
        1345  -9.02183205E-02
        1346   1.16336715    
        1347  0.570943654    
        1348  -1.46138477    
        1349  0.172663823    
        1350   1.03969502    
        1351  0.935144424    
        1352  0.189478844    
        1353 -0.232099876    
        1354 -0.276837498    
        1355  -1.88605189    
        1356  -1.48486543    
        1357  0.629355073    
        1358 -0.514398098    
        1359   4.21468318E-02
        1360 -0.689749062    
        1361  -1.48160315    
        1362  0.989642859    
        1363 -0.854031682    
        1364  0.911569774    
        1365  -2.57783737E-02
        1366  -1.63513529    
        1367   1.28880537    
        1368 -0.517935097    
        1369   1.75417121E-02
        1370 -0.849854469    
        1371   1.38662803    
        1372   1.34400949E-02
        1373 -0.675710142    
        1374  0.487680525    
        1375  0.306511998    
        1376 -0.334683985    
        1377   1.71142554    
        1378  0.889543414    
        1379 -0.349810749    
        1380  -1.15689397    
        1381   1.17179310    
        1382  0.342135847    
        1383  -1.97283602    
        1384 -0.244897306    
        1385  0.462960124    
        1386  0.470489115    
        1387  -2.77222525E-02
        1388  -1.11284852    
        1389 -0.635334015    
        1390  0.521324754    
        1391  0.463980377    
        1392 -0.148012906    
        1393 -0.757672250    
        1394  0.572596371    
        1395 -0.273382157    
        1396  -1.08630097    
        1397  -1.22414565    
        1398  0.609085262    
        1399  0.514614344    
        1400  0.191082627    
        1401 -0.365612358    
        1402   1.49998462    
        1403 -0.340960056    
        1404  0.536501408    
        1405 -0.137276918    
        1406   2.24411321    
        1407 -0.558264196    
        1408 -0.681778610    
        1409   1.36492562    
        1410  0.212827250    
        1411   2.70109582    
        1412  -1.77204740    
        1413 -0.359090537    
        1414  -1.09237969    
        1415 -0.944949210    
        1416   1.32181799    
        1417  -1.59990036    
        1418 -0.759248018    
        1419 -0.706530452    
        1420 -0.824348867    
        1421  -5.98543957E-02
        1422 -0.727490008    
        1423  -1.28299236    
        1424   1.40400279    
        1425   1.55913854    
        1426   2.55871534    
        1427 -0.671997845    
        1428 -0.871125996    
        1429 -0.962251902    
        1430  -2.26383567    
        1431  0.837908685    
        1432  -1.42137253    
        1433 -0.645005584    
        1434 -0.939968824    
        1435  -2.52822018    
        1436  0.334325314    
        1437  0.160424069    
        1438  -1.36602175    
        1439  0.420745760    
        1440   1.45376039    
        1441 -0.697966993    
        1442  0.644181073    
        1443   1.21377707    
        1444  -1.00515449    
        1445  0.327813119    
        1446 -0.277145803    
        1447  0.457986951    
        1448  -1.96184886    
        1449  0.557182908    
        1450  0.125327423    
        1451   7.89104477E-02
        1452  0.217343062    
        1453  0.316972226    
        1454 -0.536116123    
        1455   1.20600331    
        1456 -0.889858365    
        1457 -0.788776696    
        1458  -5.02826422E-02
        1459   5.70190884E-02
        1460  -1.19154215    
        1461  -1.26204419    
        1462  0.423787594    
        1463  0.590205133    
        1464  0.441956908    
        1465  -2.04983044    
        1466  0.250703096    
        1467  0.434978068    
        1468  0.560735703    
        1469  0.237047657    
        1470 -0.456376940    
        1471  0.497760981    
        1472 -0.361103773    
        1473  -1.55341685    
        1474 -0.383953691    
        1475 -0.534572840    
        1476   1.94405401    
        1477 -0.266849965    
        1478 -0.917495251    
        1479  -1.49264598    
        1480 -0.916665912    
        1481  -1.23125231    
        1482  0.785731852    
        1483  -1.30653560    
        1484 -0.542197406    
        1485 -0.337859154    
        1486 -0.932759106    
        1487  0.806655526    
        1488   1.23168325    
        1489 -0.617148519    
        1490  0.722520232    
        1491  0.101970993    
        1492  0.452550471    
        1493  -1.62089193    
        1494 -0.481849313    
        1495  0.208895043    
        1496   1.59315920    
        1497 -0.551352978    
        1498   9.29637924E-02
        1499 -0.855462134    
        1500 -0.106650285    
        1501  -1.18730259    
        1502  0.197738916    
        1503  -1.02624297    
        1504 -0.436907560    
        1505   9.03884545E-02
        1506  -1.60411012    
        1507  -1.94624913    
        1508 -0.923197091    
        1509  0.251112133    
        1510  -2.07020938E-02
        1511  0.773854494    
        1512  0.632152796    
        1513 -0.611196399    
        1514 -0.318858057    
        1515   1.02221262    
        1516  0.671118140    
        1517 -0.609045625    
        1518  0.679796934    
        1519  0.570793808    
        1520  -2.36009769E-02
        1521   1.93202317    
        1522  -4.59010564E-02
        1523   1.06523418    
        1524 -0.165663436    
        1525  -1.63822031    
        1526  0.305291921    
        1527 -0.287125796    
        1528  -1.83439994    
        1529   1.58793724    
        1530  0.925805867    
        1531  0.688576102    
        1532 -0.973886549    
        1533   7.44391680E-02
        1534 -0.104795866    
        1535 -0.877046227    
        1536  0.248072818    
        1537   1.33010459    
        1538 -0.787291706    
        1539 -0.771545351    
        1540 -0.213137954    
        1541   1.14896798    
        1542  0.969609141    
        1543   4.02974300E-02
        1544 -0.277714908    
        1545 -0.485513508    
        1546 -0.642108917    
        1547 -0.776542246    
        1548   1.95883381    
        1549  0.720035374    
        1550  0.225721568    
        1551 -0.836372197    
        1552 -0.294979900    
        1553  0.443366498    
        1554  0.595944583    
        1555   1.87791800    
        1556 -0.740607023    
        1557  -8.15303102E-02
        1558 -0.373114377    
        1559  -2.96157878E-02
        1560 -0.354165077    
        1561  0.651390314    
        1562 -0.698825419    
        1563  0.706744671    
        1564  0.627422154    
        1565 -0.127171934    
        1566   1.77026057    
        1567  -2.47407436    
        1568  -1.55598867    
        1569 -0.405472368    
        1570   1.00804543    
        1571  0.625415206    
        1572   3.26617099E-02
        1573   7.28341639E-02
        1574  0.965431988    
        1575   1.52058840    
        1576  -8.43630657E-02
        1577  0.282645315    
        1578 -0.620040298    
        1579  0.161948949    
        1580  -3.16051021E-02
        1581  0.629461229    
        1582 -0.685252845    
        1583  -2.08493042    
        1584  -1.23005736    
        1585  -1.20707524    
        1586  -3.05308085E-02
        1587  0.134977654    
        1588 -0.474536598    
        1589  0.224952742    
        1590   1.08083224    
        1591 -0.172070235    
        1592 -0.880869091    
        1593  0.230178565    
        1594 -0.466649979    
        1595   1.32172084    
        1596  -2.43020868    
        1597  0.396749288    
        1598   1.73305655    
        1599   1.00468671    
        1600  0.893128157    
        1601  0.688446879    
        1602  0.799456418    
        1603  0.290533423    
        1604 -0.894179761    
        1605 -0.426858246    
        1606  -2.31202269    
        1607  -1.29434299    
        1608  -1.50919390    
        1609  0.867423475    
        1610 -0.869224250    
        1611 -0.125858754    
        1612   7.27004791E-03
        1613  0.111926012    
        1614  0.353466928    
        1615   1.11976707    
        1616  0.717446148    
        1617  -1.33957839    
        1618 -0.721811593    
        1619  0.906613529    
        1620  0.817069113    
        1621 -0.933870196    
        1622  0.562588692    
        1623  0.706461906    
        1624  0.847362757    
        1625 -0.314826399    
        1626 -0.784145594    
        1627  -2.59682555E-02
        1628  -2.46883559    
        1629  -8.35780576E-02
        1630   7.12955417E-03
        1631 -0.795376718    
        1632   5.18376119E-02
        1633  0.291634500    
        1634  0.531966269    
        1635  0.652040422    
        1636  0.529211044    
        1637   1.33566272    
        1638  0.540065825    
        1639 -0.933419228    
        1640 -0.852828979    
        1641 -0.256484002    
        1642 -0.752825201    
        1643   1.82284534    
        1644  -1.58985269    
        1645   1.04578555    
        1646   1.78769422    
        1647  -1.44478011    
        1648 -0.389001042    
        1649  0.517730653    
        1650   2.97882748    
        1651 -0.655571222    
        1652 -0.838752568    
        1653  -1.83663881    
        1654  0.163102880    
        1655  0.459880233    
        1656   1.10449100    
        1657  0.521116793    
        1658 -0.226436213    
        1659   1.17444074    
        1660  -1.06812131    
        1661   1.19741261    
        1662  0.313141793    
        1663  0.174020365    
        1664   2.43590307    
        1665 -0.120444611    
        1666  0.629235208    
        1667  -1.02819967    
        1668 -0.416213185    
        1669  0.519042552    
        1670 -0.516316295    
        1671  0.542397082    
        1672  0.665867269    
        1673  -1.00906003    
        1674 -0.780576825    
        1675 -0.688954473    
        1676  -1.20696533    
        1677  0.664455414    
        1678 -0.394826710    
        1679 -0.971105754    
        1680   7.17526674E-03
        1681  0.633823752    
        1682  0.546320081    
        1683  0.703350425    
        1684 -0.342169464    
        1685  -1.14641142    
        1686  -1.84875071    
        1687 -0.466626316    
        1688  -2.11606455    
        1689 -0.789141893    
        1690  -1.73411167    
        1691 -0.890859067    
        1692   1.37322021    
        1693 -0.617603362    
        1694 -0.883566558    
        1695 -0.751898706    
        1696 -0.453812480    
        1697  0.209705740    
        1698   1.00780582    
        1699  0.605243504    
        1700 -0.576326370    
        1701   1.01142895    
        1702 -0.682244301    
        1703  0.169672176    
        1704  -6.16376139E-02
        1705  -1.13988733    
        1706   1.14080465    
        1707   2.21114731    
        1708   1.02675569    
        1709 -0.191819176    
        1710   5.00798319E-03
        1711   2.42595911    
        1712  0.310846806    
        1713   1.35304880    
        1714  -2.28857454E-02
        1715   1.21394503    
        1716   1.01248014    
        1717  0.124287888    
        1718  -2.39034319    
        1719 -0.620685816    
        1720   1.46624589    
        1721  0.526915848    
        1722 -0.402054727    
        1723  0.887760222    
        1724   2.21593738    
        1725  -1.39501631    
        1726 -0.203653216    
        1727  0.451560855    
        1728   1.42691886    
        1729   1.25378931    
        1730  0.360684156    
        1731 -0.513692498    
        1732  0.278748602    
        1733 -0.761875927    
        1734 -0.596465170    
        1735 -0.262979209    
        1736  -2.47310344E-02
        1737  0.152244657    
        1738   2.21234989    
        1739  0.996288419    
        1740 -0.303958237    
        1741  -1.07862723    
        1742 -0.914272010    
        1743  -1.22209346    
        1744  0.175818160    
        1745 -0.774718761    
        1746 -0.580804884    
        1747 -0.631385267    
        1748   1.16614425    
        1749  0.627288580    
        1750  0.122163340    
        1751   1.00167668    
        1752   1.09061790    
        1753 -0.670209706    
        1754 -0.955861866    
        1755  0.396328837    
        1756 -0.916819096    
        1757  0.338145107    
        1758   1.10982227    
        1759 -0.582455754    
        1760 -0.996184886    
        1761  0.194187149    
        1762  0.667895496    
        1763   1.73871231    
        1764   1.31431413    
        1765 -0.644912601    
        1766  -1.36945343    
        1767 -0.298787117    
        1768  0.833293200    
        1769  0.439448893    
        1770  -2.28335190    
        1771  -1.44302118    
        1772  0.468404084    
        1773 -0.331066579    
        1774 -0.629850507    
        1775  -1.20995557    
        1776   2.02952456    
        1777  0.298226714    
        1778   1.02990282    
        1779   1.39784515    
        1780 -0.860219717    
        1781 -0.119825155    
        1782 -0.424207002    
        1783   1.23662770    
        1784   1.25148535    
        1785  0.266308486    
        1786   1.79751039    
        1787   3.00406455E-03
        1788 -0.401664555    
        1789  -1.96844351    
        1790   2.52543855    
        1791 -0.248040542    
        1792 -0.958360434    
        1793  -1.16227543    
        1794   1.19873345    
        1795 -0.460662484    
        1796  -1.93823075    
        1797 -0.252539724    
        1798  -6.35098815E-02
        1799 -0.459054440    
        1800 -0.587972343    
        1801  -4.38227132E-02
        1802  0.606724322    
        1803 -0.369538516    
        1804   1.24519682    
        1805 -0.383680969    
        1806  -8.21174830E-02
        1807  0.242052332    
        1808 -0.792926729    
        1809  -1.63753211    
        1810  0.115283750    
        1811  -2.46590161    
        1812  0.242217883    
        1813  0.179161698    
        1814  -7.05560073E-02
        1815 -0.388585776    
        1816  -1.10501301    
        1817  0.796500802    
        1818  0.482936352    
        1819  -4.60187485E-03
        1820  0.946106970    
        1821  -9.57854092E-03
        1822  -3.60060669E-02
        1823 -0.324759156    
        1824 -0.917044520    
        1825   2.34180760    
        1826  -4.97961268E-02
        1827 -0.228114456    
        1828 -0.211930990    
        1829 -0.286174178    
        1830 -0.839082479    
        1831  0.799873590    
        1832   1.00146639    
        1833 -0.752183080    
        1834  0.756644964    
        1835  -2.33467770    
        1836 -0.233349308    
        1837 -0.902788997    
        1838  0.969063997    
        1839  -1.55745554    
        1840  0.303555965    
        1841   1.13861370    
        1842 -0.571720302    
        1843  0.464216381    
        1844 -0.173606500    
        1845  -2.49352288    
        1846  -1.21037591    
        1847 -0.451681197    
        1848   2.16590118    
        1849  -1.71990108    
        1850  -9.10523012E-02
        1851   1.00460696    
        1852  0.691873848    
        1853  0.230450153    
        1854   1.14247370    
        1855  -1.10521221    
        1856  -7.97692239E-02
        1857  -1.66297328    
        1858 -0.471950591    
        1859  -2.78594828    
        1860 -0.923627317    
        1861   2.00016475    
        1862   2.94015074    
        1863  0.285059452    
        1864 -0.925021589    
        1865 -0.823637843    
        1866 -0.868321300    
        1867 -0.729243696    
        1868   8.41095001E-02
        1869  -1.33194971    
        1870 -0.848003149    
        1871 -0.597493172    
        1872   2.28370714    
        1873   1.92633259    
        1874   2.35091281    
        1875  -1.64327860    
        1876  -1.23457170    
        1877 -0.791620076    
        1878 -0.520243049    
        1879  -1.89347363    
        1880  -1.89174652    
        1881  -1.36409760    
        1882  -7.69270509E-02
        1883  0.246615872    
        1884  -1.17830050    
        1885   1.49413776    
        1886  0.760170937    
        1887  0.456463933    
        1888  0.417999536    
        1889  0.501727641    
        1890   2.17410851    
        1891 -0.735795915    
        1892  0.488696009    
        1893  0.104939222    
        1894 -0.331689924    
        1895   5.99571243E-02
        1896 -0.195556372    
        1897 -0.329677105    
        1898   1.04986691    
        1899 -0.373231173    
        1900  0.348578095    
        1901  0.672900140    
        1902 -0.247740328    
        1903   1.07354712    
        1904 -0.684148550    
        1905  -1.58959031    
        1906  -1.63182840E-02
        1907   2.74081564    
        1908  -2.96672130    
        1909   1.10845661    
        1910  -3.71573269E-02
        1911  0.344231874    
        1912 -0.931105852    
        1913  -2.01552463    
        1914  0.438330293    
        1915  -1.02884078    
        1916  0.381080210    
        1917   1.03585410    
        1918 -0.196662769    
        1919   1.09983301    
        1920  0.266046017    
        1921 -0.628016710    
        1922  0.876381397    
        1923 -0.710090697    
        1924 -0.145895183    
        1925  0.961096406    
        1926 -0.127356023    
        1927   1.25872624    
        1928  0.421028107    
        1929  -1.29169321    
        1930   2.01206708    
        1931   1.17872202    
        1932  -2.27848434    
        1933  0.858743906    
        1934   1.13314939    
        1935   4.67402674E-02
        1936   1.18833566    
        1937 -0.117654368    
        1938 -0.189296156    
        1939   1.43897593    
        1940   1.05102015    
        1941  0.509096205    
        1942   1.08747923    
        1943  -1.80892992    
        1944 -0.987079263    
        1945 -0.142189816    
        1946  -2.53244019    
        1947  0.304262280    
        1948  -4.75669317E-02
        1949  0.791785836    
        1950  0.721761644    
        1951   1.49951458    
        1952   1.60246420    
        1953 -0.402935475    
        1954 -0.245271698    
        1955  -1.55740547    
        1956 -0.148642048    
        1957  -1.20336914    
        1958  0.766622126    
        1959 -0.404217035    
        1960 -0.149646431    
        1961  -1.91984940E-02
        1962  0.922202229    
        1963  0.496724129    
        1964  0.898416877    
        1965 -0.245038703    
        1966 -0.735860884    
        1967 -0.592427492    
        1968   2.14583371E-02
        1969  -7.69284219E-02
        1970 -0.293422371    
        1971 -0.176165789    
        1972 -0.421166539    
        1973   3.13864201E-02
        1974  -1.38754940    
        1975 -0.591672122    
        1976  -2.16319442    
        1977  0.295729250    
        1978  0.136267990    
        1979  0.195126757    
        1980  0.864560664    
        1981  -1.55316181E-02
        1982  0.220999300    
        1983  0.317270696    
        1984  0.417311907    
        1985 -0.264358997    
        1986   1.70988047    
        1987  -1.64994574    
        1988   1.80723107    
        1989  0.812709212    
        1990  0.155650750    
        1991   1.98751073E-02
        1992  0.157074630    
        1993  0.198665947    
        1994 -0.139931411    
        1995 -0.218631074    
        1996  0.973405540    
        1997  -1.79009419E-02
        1998  -1.79749572    
        1999  0.785567045    
        2000 -0.852233529    
